0.166081547233 0
0.107106681818 0
0.0873677578186 0
0.179723906146 0
0.0242888625831 0
0.000996271858286 0
0.239260557566 0
0.335847282182 0
0.136767400124 0
0.210329523508 0
0.488952328841 0
0.00226889462145 0
0.187140987127 0
0.129140960491 0
0.0973088252597 0
0.184109744939 0
0.062014186549 0
0.0141497884804 0
0.0533351840809 0
0.0838286497297 0
0.10015612156 0
0.0191123513182 0
0.080875574319 0
0.242153669105 0
0.222421274884 0
0.146049179779 0
0.0555578263297 0
0.0836300933146 0
0.102925679227 0
0.337002519506 0
0.296027695653 0
0.00309095233949 0
0.796642569983 0
0.0421933972002 0
0.261857941665 0
0.0229368123797 0
0.208113491085 0
0.466533504513 0
0.145645285943 0
0.0541607111904 0
0.475883706608 0
0.184077978678 0
0.12203451412 0
0.0041244945739 0
0.0933124261404 0
0.468880080329 0
0.0597982488727 0
0.0129123116942 0
0.058843747176 0
0.0509686386074 0
0.00204760525642 0
0.17863031267 0
0.0574675780317 0
0.107142584318 0
0.414511723745 0
0.121908289663 0
0.0354193036362 0
0.0556155881959 0
0.204757232129 0
0.139286546845 0
0.170204617371 0
0.266568482712 0
0.524331471904 0
0.102816362754 0
0.229132234333 0
0.0412509340894 0
0.137502193925 0
0.0281064994068 0
0.129738503028 0
0.154507769245 0
0.31086527504 0
0.310576465709 0
0.0150920289232 0
0.177597819311 0
0.162576446324 0
0.167897435902 0
0.00803064077729 0
0.404583902988 0
0.132999096445 0
0.496605776116 0
0.0419115854343 0
0.139045383723 0
0.368302230766 0
0.289157643689 0
0.122728104751 0
0.127779480986 0
0.127725454261 0
0.282717195605 0
0.00634471630688 0
0.056903673793 0
0.0561679360417 0
0.27381825809 0
0.00104867519747 0
0.107944228878 0
0.247815767631 0
0.0935617630371 0
0.145993088211 0
0.0892269798285 0
0.107318572552 0
0.0528128230609 0
0.987435324407 1
0.650144036773 1
0.785343016011 1
0.829839987421 1
0.944679432861 1
0.99718454928 1
0.756566599468 1
0.860902186286 1
0.989295109916 1
0.950611200241 1
0.751707945264 1
0.874952159209 1
0.9193914915 1
0.862413187165 1
0.981227833735 1
0.703393257198 1
0.898721320745 1
0.504836842053 1
0.795054118662 1
0.796624255922 1
0.794909713997 1
0.919112286033 1
0.944765655681 1
0.917495163087 1
0.887911252791 1
0.855451370033 1
0.347832869423 1
0.800733485042 1
0.837617393836 1
0.915915449782 1
0.806673312855 1
0.673645896093 1
0.776303294766 1
0.836115646269 1
0.954276633287 1
0.899891905859 1
0.781263538234 1
0.883762349833 1
0.868468197305 1
0.68464171879 1
0.864722769582 1
0.784125451585 1
0.996209817787 1
0.732444569314 1
0.982310868727 1
0.70097447905 1
0.993233174399 1
0.475558796111 1
0.776171065767 1
0.641840768503 1
0.916591003563 1
0.813319618544 1
0.877075495259 1
0.897553928216 1
0.741768797071 1
0.994837973464 1
0.811347458414 1
0.773321216495 1
0.625739648293 1
0.793610072007 1
0.820839064021 1
0.926209656157 1
0.929750062839 1
0.466533504513 1
0.770505325517 1
0.793357363842 1
0.616281142699 1
0.784382145971 1
0.798619660122 1
0.522093199587 1
0.923598751583 1
0.710180276479 1
0.960253056063 1
0.974965254262 1
0.738883325964 1
0.898171106705 1
0.806823098905 1
0.823839806266 1
0.818097855011 1
0.9502010738 1
0.706088568762 1
0.959928145565 1
0.868556093432 1
0.866130445908 1
0.604909275286 1
0.883393672818 1
0.843213074626 1
0.76616147575 1
0.841048547533 1
0.856113908039 1
0.812640640886 1
0.815159070016 1
0.978675155909 1
0.569385727558 1
0.486533550693 1
0.977223723508 1
0.742217166923 1
0.823885244755 1
0.797759380024 1
0.733015532834 1
