-1.1369
0.20092
-0.4576
0.15584
1.8611
0.32143
1.2547
-0.40248
1.1067
-0.75849
0.12296
0.48389
0.69219
0.22141
-0.38446
-0.47013
-0.15673
-0.34458
-0.066246
-0.30116
1.0855
0.47071
0.47928
-0.23062
0.47507
0.50429
-0.29201
-0.4521
-0.92376
0.852
-0.34014
0.32956
0.35256
0.35769
-0.10364
0.15684
0.10589
1.1535
-0.43123
0.16977
0.97445
0.56631
-0.38824
0.80163
-1.4088
-0.011541
1.2915
0.61525
0.80066
0.24121
0.05953
0.74014
1.7654
0.13025
1.2089
-0.041085
0.027999
0.71156
-0.27051
0.89595
-0.76459
-1.231
0.19949
0.508
1.1066
0.37568
0.90363
0.45214
0.72975
-0.3127
0.25168
-0.078076
0.15011
1.7525
-0.58807
0.32162
0.097045
0.53994
1.4338
0.877
-0.11547
-0.60679
0.83632
-0.32747
-0.15237
0.59431
-0.66288
1.2843
0.36503
0.15195
0.81091
0.80989
0.14241
0.99718
0.53231
0.9957
0.46664
0.17914
1.406
-0.19534
0.7004
1.5791
0.038576
0.70138
0.5021
0.07975
0.29775
0.69072
1.7727
0.86063
0.14563
-0.94791
0.45752
0.46506
-0.20058
0.93836
0.54721
0.67119
-0.0074915
-0.13251
0.0043746
-0.40239
-0.030484
0.7597
-1.1264
-0.82069
0.31682
0.50776
-0.30009
0.63928
1.0963
0.73244
-0.68878
-0.16205
-0.24
0.085754
-0.12456
-0.23228
1.5079
0.089412
0.2036
0.48111
-0.79555
-0.42203
0.59717
0.52224
-0.43429
1.0119
0.25779
0.38961
0.36912
-0.047833
-0.8582
0.21723
-0.68977
0.19586
0.43114
0.4252
-0.57676
0.53186
-0.46557
0.45917
0.6815
1.3109
-0.99704
0.82447
0.19744
0.25237
-0.055696
0.44809
0.13644
-0.09134
-0.040644
0.68977
0.61093
0.99609
0.52955
0.20773
-0.41997
0.49909
0.1061
0.4401
0.85313
-0.011704
-0.0050083
0.13607
0.43446
1.5883
-0.25207
1.1474
0.16375
0.86788
0.33776
-0.037865
0.13607
0.90645
1.1012
0.9078
-0.056554
-0.51512
0.55353
0.63392
-1.2891
0.31532
1.6253
0.18082
-0.10742
-0.33737
-0.84535
-0.009549
0.49064
-0.32228
0.46031
0.79835
-0.075233
0.6113
0.65764
0.27293
1.5374
-0.50461
0.47397
-0.28612
-0.15648
0.5789
0.99121
0.40758
1.1253
-0.28827
0.51387
-0.035767
-0.17899
-1.3643
0.78078
1.4858
0.616
1.1705
0.3373
-0.47819
-0.2518
-0.20765
0.9972
-0.0038072
0.35783
-0.54316
0.18422
-0.72829
-0.14425
0.78035
1.3813
0.60702
0.3615
0.97879
0.76044
-1.2488
-0.83309
-0.22706
-0.25252
-0.71207
-0.12897
-0.28893
0.99584
-0.085782
-0.50702
0.03673
-0.13321
0.4658
0.15372
-0.63952
0.66703
0.069817
-0.079492
-0.23872
0.8021
0.23111
-0.68209
1.6729
0.083892
0.47143
0.52441
-0.52632
1.0723
0.45882
0.39085
1.1542
0.40062
-0.78927
0.28984
1.0381
1.0669
0.4674
-0.77105
0.99345
0.26371
0.42136
1.1103
0.55473
-2.0541
-0.75224
-0.22368
-0.51669
0.39706
0.39611
-0.13836
1.0396
-0.19843
0.081428
-0.12209
-0.26697
0.33454
-0.58174
0.10255
0.82514
0.81468
-0.93081
0.55723
0.010345
0.58494
0.40886
0.10009
0.29158
0.68447
0.75918
-0.17415
-0.53949
0.034968
0.9451
0.51681
0.54919
0.020117
-0.18425
1.6136
0.23349
0.27897
0.1269
0.34409
0.097924
-0.36042
0.61176
1.2106
0.41692
-0.17064
0.33569
0.9453
1.4278
-0.58875
0.37211
0.025967
0.64444
0.40683
-0.072281
-0.84297
-0.46791
-0.083521
0.1269
1.0436
-0.07604
0.53529
0.87289
0.44652
0.35363
-0.086144
0.8321
1.33
0.60076
0.49436
0.44886
0.95398
0.090722
-0.023939
0.63638
0.10616
0.86404
-0.62583
1.1389
-0.16208
0.45087
0.0040872
0.7513
-0.5965
-0.37502
1.3324
-0.31689
-0.14168
0.33941
-0.20515
0.39279
1.0437
0.34344
1.3917
-0.6169
0.11998
-0.25279
0.53306
-0.49795
-0.81287
0.051108
-0.84793
-0.26801
-0.046144
-0.75645
2.5745
3.5696
4.2437
1.6706
4.518
4.1112
3.0811
4.3684
3.212
2.1164
3.9767
4.9334
2.3295
2.1327
3.9858
2.9793
1.8189
4.0707
2.8666
2.3113
2.4963
2.569
3.8118
1.9991
3.4064
3.8698
2.2554
3.2896
1.5681
3.6035
2.0281
3.6983
3.3755
2.6437
1.7184
4.1532
3.1322
4.4526
3.0074
1.4599
4.4636
2.7476
3.8006
2.3745
3.5299
3.7231
3.8774
3.4322
2.9647
3.1251
3.2618
2.3605
3.4767
2.0781
1.3499
3.1443
3.1712
3.1912
4.5353
4.0677
4.6141
3.1908
3.7869
2.488
2.8
1.4864
3.0605
3.8028
2.0836
2.8073
2.3729
2.2999
3.7815
3.0583
3.6405
3.3436
3.8104
1.0452
2.1148
2.8511
3.3013
3.9946
2.4461
2.4761
2.753
3.6021
3.0922
3.9749
2.3315
3.3561
3.3353
1.5762
3.2567
4.5066
1.9627
2.4483
2.1195
3.9778
2.518
3.6507
1.5756
1.4216
3.8637
3.5138
3.2426
3.8375
3.0585
3.1212
2.2423
3.0082
2.0471
2.2286
2.5867
3.1201
4.3881
3.327
3.3517
3.4705
4.0424
3.5027
3.0551
2.625
3.5172
1.542
3.0361
3.8169
2.8026
3.4995
3.1493
3.5066
2.5726
4.4474
3.3435
3.1221
1.9689
2.8327
1.7481
2.7501
1.9355
2.9446
3.1318
2.5804
4.4141
4.1855
4.2245
3.5116
3.6755
2.4308
3.1142
2.028
3.2077
3.9891
2.0466
2.8191
1.7303
3.5251
4.0659
3.9903
2.1117
2.386
2.9115
2.6578
2.5431
0.81369
3.5514
2.797
3.6005
3.2291
0.42051
2.7391
3.6808
3.9051
2.7253
3.4508
3.2061
3.7984
4.7005
2.2107
4.8186
3.1857
2.308
2.2982
3.102
3.1195
3.3559
3.7162
3.3131
2.1127
2.4023
2.3428
2.4887
3.3076
3.2951
2.8029
2.135
2.7178
3.5171
2.8878
4.2474
2.2913
3.2548
3.9971
2.255
2.9514
1.948
2.1936
1.7466
2.1905
3.3184
2.792
3.5049
3.89
3.314
3.6716
3.6538
5.0415
3.6558
1.7079
3.2561
3.578
3.8164
3.7077
2.574
3.024
3.2989
3.1868
4.7572
1.6104
3.741
4.0275
2.4885
3.4293
2.9229
2.105
3.0872
4.4446
2.6543
3.5434
2.0289
2.2018
1.927
1.7575
2.1837
2.2209
2.6172
1.5767
2.5611
2.3289
2.3126
2.7256
4.0148
2.9958
3.3646
4.3731
3.5929
3.1121
3.9405
4.9311
2.5523
3.7347
2.2951
1.9188
2.4133
2.9361
1.3011
1.6156
2.9506
3.5201
3.6802
3.3787
2.8443
3.459
5.1589
4.712
2.9486
4.2249
2.4626
3.3038
3.1251
3.661
1.9478
3.5406
3.146
3.2847
2.1092
2.6592
1.6627
2.3645
2.16
2.6972
3.1466
3.7344
2.0742
3.2543
3.9409
3.8325
1.6192
3.6339
2.8538
4.1963
3.8048
2.6979
3.2333
3.4424
0.86856
2.4683
2.6575
2.0086
1.0667
3.7275
2.4684
4.0151
2.1701
3.8254
3.6092
3.4849
2.1011
2.8456
2.593
2.1687
2.6146
1.596
2.8637
2.829
2.28
3.5519
2.0919
2.7851
3.4546
3.1847
0.92381
2.3311
2.6483
2.5208
1.8283
2.9627
2.8548
4.1082
3.0972
3.611
2.8871
1.4191
1.7241
2.3493
2.6244
3.4991
2.2773
2.4554
3.2216
2.5133
1.9362
2.5202
2.4109
3.5986
3.1922
3.4728
2.6018
4.8331
3.0945
2.2034
1.8537
3.0854
2.6478
1.8292
2.5931
1.5901
3.591
4.6833
3.6411
2.7201
4.1775
3.252
1.0783
2.8747
3.0682
3.4869
2.8577
4.0165
1.8496
5.1297
4.171
2.7863
3.2494
2.2442
2.1939
3.066
3.8536
3.8018
4.8459
2.7178
2.8069
0.63203
2.7328
3.1265
3.0327
2.4391
1.8851
2.6441
4.9057
2.1954
