0.833918452767
0.892893318182
0.9126322421814
0.820276093854
0.9757111374169
0.999003728141714
0.760739442434
0.664152717818
0.863232599876
0.789670476492
0.511047671159
0.99773110537855
0.812859012873
0.870859039509
0.9026911747403
0.815890255061
0.937985813451
0.9858502115196
0.9466648159191
0.9161713502703
0.89984387844
0.9808876486818
0.919124425681
0.757846330895
0.777578725116
0.853950820221
0.9444421736703
0.9163699066854
0.897074320773
0.662997480494
0.703972304347
0.99690904766051
0.203357430017
0.9578066027998
0.738142058335
0.9770631876203
0.791886508915
0.533466495487
0.854354714057
0.9458392888096
0.524116293392
0.815922021322
0.87796548588
0.9958755054261
0.9066875738596
0.531119919671
0.9402017511273
0.9870876883058
0.941156252824
0.9490313613926
0.99795239474358
0.82136968733
0.9425324219683
0.892857415682
0.585488276255
0.878091710337
0.9645806963638
0.9443844118041
0.795242767871
0.860713453155
0.829795382629
0.733431517288
0.475668528096
0.897183637246
0.770867765667
0.9587490659106
0.862497806075
0.9718935005932
0.870261496972
0.845492230755
0.68913472496
0.689423534291
0.9849079710768
0.822402180689
0.837423553676
0.832102564098
0.99196935922271
0.595416097012
0.867000903555
0.503394223884
0.9580884145657
0.860954616277
0.631697769234
0.710842356311
0.877271895249
0.872220519014
0.872274545739
0.717282804395
0.99365528369312
0.943096326207
0.9438320639583
0.72618174191
0.99895132480253
0.892055771122
0.752184232369
0.9064382369629
0.854006911789
0.9107730201715
0.892681427448
0.9471871769391
0.012564675593
0.349855963227
0.214656983989
0.170160012579
0.055320567139
0.00281545072000011
0.243433400532
0.139097813714
0.010704890084
0.049388799759
0.248292054736
0.125047840791
0.0806085085
0.137586812835
0.018772166265
0.296606742802
0.101278679255
0.495163157947
0.204945881338
0.203375744078
0.205090286003
0.080887713967
0.055234344319
0.082504836913
0.112088747209
0.144548629967
0.652167130577
0.199266514958
0.162382606164
0.084084550218
0.193326687145
0.326354103907
0.223696705234
0.163884353731
0.045723366713
0.100108094141
0.218736461766
0.116237650167
0.131531802695
0.31535828121
0.135277230418
0.215874548415
0.00379018221299998
0.267555430686
0.017689131273
0.29902552095
0.00676682560100006
0.524441203889
0.223828934233
0.358159231497
0.0834089964370001
0.186680381456
0.122924504741
0.102446071784
0.258231202929
0.00516202653600006
0.188652541586
0.226678783505
0.374260351707
0.206389927993
0.179160935979
0.073790343843
0.070249937161
0.533466495487
0.229494674483
0.206642636158
0.383718857301
0.215617854029
0.201380339878
0.477906800413
0.076401248417
0.289819723521
0.0397469439370001
0.025034745738
0.261116674036
0.101828893295
0.193176901095
0.176160193734
0.181902144989
0.0497989261999999
0.293911431238
0.0400718544350001
0.131443906568
0.133869554092
0.395090724714
0.116606327182
0.156786925374
0.23383852425
0.158951452467
0.143886091961
0.187359359114
0.184840929984
0.021324844091
0.430614272442
0.513466449307
0.022776276492
0.257782833077
0.176114755245
0.202240619976
0.266984467166
