100 0 0 100
99 1 0 100
98 2 0 100
96 4 0 100
95 5 0 100
94 6 0 100
94 6 0 100
93 7 0 100
93 7 0 100
92 8 0 100
92 8 0 100
92 8 0 100
92 8 0 100
91 9 0 100
91 9 0 100
90 10 0 100
89 11 0 100
89 11 0 100
89 11 0 100
89 11 0 100
88 12 0 100
88 12 0 100
88 12 0 100
87 13 0 100
87 13 0 100
86 14 0 100
86 14 0 100
86 14 0 100
86 14 0 100
85 15 0 100
85 15 0 100
85 15 0 100
85 15 0 100
85 15 0 100
85 15 0 100
85 15 0 100
84 16 0 100
84 16 0 100
84 16 0 100
84 16 0 100
84 16 0 100
84 16 0 100
82 18 0 100
81 19 0 100
81 19 0 100
81 19 0 100
81 19 0 100
81 19 0 100
81 19 0 100
81 19 0 100
81 19 0 100
80 20 0 100
80 20 0 100
79 21 0 100
78 22 0 100
77 23 0 100
75 25 0 100
73 27 0 100
72 28 0 100
71 29 0 100
70 30 0 100
70 30 0 100
70 30 0 100
69 31 0 100
69 31 0 100
69 31 0 100
69 31 0 100
69 31 0 100
69 31 0 100
69 31 0 100
69 31 0 100
69 31 0 100
69 31 0 100
69 31 0 100
69 31 0 100
69 31 0 100
69 31 0 100
69 31 0 100
69 31 0 100
69 31 0 100
69 31 0 100
68 32 0 100
68 32 0 100
68 32 0 100
66 34 0 100
66 34 0 100
66 34 0 100
66 34 0 100
65 35 0 100
65 35 0 100
64 36 0 100
64 36 0 100
64 36 0 100
64 36 0 100
62 38 0 100
62 38 0 100
62 38 0 100
62 38 0 100
61 39 0 100
61 39 0 100
61 39 0 100
60 40 0 100
60 40 0 100
58 42 0 100
58 42 0 100
58 42 0 100
58 42 0 100
58 42 0 100
54 46 0 100
54 46 0 100
54 46 0 100
54 46 0 100
54 46 0 100
54 46 0 100
54 46 0 100
54 46 0 100
54 46 0 100
54 46 0 100
54 46 0 100
54 46 0 100
54 46 0 100
54 46 0 100
53 47 0 100
51 49 0 100
51 49 0 100
51 49 0 100
51 49 0 100
51 49 0 100
49 51 0 100
49 51 0 100
47 53 0 100
47 53 0 100
47 53 0 100
46 54 0 100
46 54 0 100
46 54 0 100
46 54 0 100
45 55 0 100
44 56 0 100
44 56 0 100
42 58 0 100
42 58 0 100
42 58 0 100
42 58 0 100
42 58 0 100
42 58 0 100
40 60 0 100
39 61 0 100
39 61 0 100
39 61 0 100
39 61 0 100
39 61 0 100
39 61 0 100
39 61 0 100
39 61 0 100
38 62 0 100
38 62 0 100
38 62 0 100
38 62 0 100
38 62 0 100
38 62 0 100
38 62 0 100
38 62 0 100
37 63 0 100
37 63 0 100
37 63 0 100
37 63 0 100
36 64 0 100
35 65 0 100
35 65 0 100
35 65 0 100
34 66 0 100
34 66 0 100
34 66 0 100
34 66 0 100
34 66 0 100
34 66 0 100
34 66 0 100
33 67 0 100
32 68 0 100
31 69 0 100
31 69 0 100
31 69 0 100
31 69 0 100
31 69 0 100
29 71 0 100
29 71 0 100
29 71 0 100
28 72 0 100
28 72 0 100
28 72 0 100
28 72 0 100
28 72 0 100
28 72 0 100
28 72 0 100
28 72 0 100
28 72 0 100
28 72 0 100
28 72 0 100
28 72 0 100
28 72 0 100
28 72 0 100
28 72 0 100
28 72 0 100
28 72 0 100
27 73 0 100
27 73 0 100
27 73 0 100
27 73 0 100
26 74 0 100
26 74 0 100
25 75 0 100
25 75 0 100
25 75 0 100
25 75 0 100
25 75 0 100
25 75 0 100
25 75 0 100
25 75 0 100
25 75 0 100
25 75 0 100
25 75 0 100
25 75 0 100
24 76 0 100
24 76 0 100
24 76 0 100
24 76 0 100
24 76 0 100
24 76 0 100
24 76 0 100
23 77 0 100
23 77 0 100
23 77 0 100
23 77 0 100
23 77 0 100
23 77 0 100
23 77 0 100
23 77 0 100
23 77 0 100
23 77 0 100
22 78 0 100
22 78 0 100
22 78 0 100
21 79 0 100
21 79 0 100
21 79 0 100
21 79 0 100
21 79 0 100
20 80 0 100
20 80 0 100
20 80 0 100
20 80 0 100
20 80 0 100
20 80 0 100
20 80 0 100
20 80 0 100
20 80 0 100
20 80 0 100
20 80 0 100
20 80 0 100
20 80 0 100
20 80 0 100
19 81 0 100
19 81 0 100
19 81 0 100
19 81 0 100
19 81 0 100
18 82 0 100
18 82 0 100
18 82 0 100
18 82 0 100
18 82 0 100
18 82 0 100
18 82 0 100
17 83 0 100
17 83 0 100
17 83 0 100
17 83 0 100
17 83 0 100
17 83 0 100
17 83 0 100
17 83 0 100
17 83 0 100
16 84 0 100
16 84 0 100
16 84 0 100
16 84 0 100
16 84 0 100
16 84 0 100
16 84 0 100
15 85 0 100
15 85 0 100
15 85 0 100
15 85 0 100
15 85 0 100
15 85 0 100
15 85 0 100
14 86 0 100
14 86 0 100
14 86 0 100
14 86 0 100
14 86 0 100
14 86 0 100
14 86 0 100
14 86 0 100
14 86 0 100
14 86 0 100
14 86 0 100
14 86 0 100
14 86 0 100
14 86 0 100
12 88 0 100
12 88 0 100
12 88 0 100
12 88 0 100
12 88 0 100
12 88 0 100
12 88 0 100
12 88 0 100
12 88 0 100
12 88 0 100
12 88 0 100
12 88 0 100
12 88 0 100
12 88 0 100
12 88 0 100
12 88 0 100
12 88 0 100
12 88 0 100
12 88 0 100
12 88 0 100
12 88 0 100
12 88 0 100
12 88 0 100
12 88 0 100
12 88 0 100
11 89 0 100
11 89 0 100
10 90 0 100
10 90 0 100
10 90 0 100
10 90 0 100
10 90 0 100
10 90 0 100
10 90 0 100
10 90 0 100
10 90 0 100
10 90 0 100
10 90 1 99
10 90 1 99
10 90 1 99
10 90 1 99
10 90 1 99
10 90 1 99
10 90 1 99
10 90 1 99
10 90 1 99
10 90 1 99
10 90 1 99
10 90 1 99
10 90 1 99
10 90 1 99
10 90 1 99
10 90 1 99
10 90 1 99
10 90 1 99
10 90 1 99
10 90 1 99
10 90 1 99
9 91 1 99
9 91 1 99
9 91 1 99
9 91 1 99
9 91 1 99
9 91 1 99
9 91 1 99
9 91 1 99
9 91 1 99
9 91 1 99
9 91 1 99
9 91 1 99
9 91 1 99
9 91 1 99
9 91 1 99
9 91 1 99
9 91 1 99
9 91 1 99
9 91 1 99
9 91 1 99
9 91 1 99
9 91 1 99
9 91 1 99
9 91 1 99
9 91 1 99
9 91 1 99
9 91 1 99
9 91 1 99
9 91 1 99
9 91 1 99
9 91 1 99
9 91 1 99
9 91 1 99
9 91 1 99
9 91 1 99
9 91 1 99
8 92 1 99
8 92 1 99
8 92 1 99
8 92 1 99
8 92 1 99
8 92 1 99
8 92 1 99
8 92 1 99
8 92 1 99
8 92 1 99
7 93 1 99
7 93 1 99
7 93 1 99
7 93 1 99
7 93 1 99
7 93 1 99
7 93 1 99
7 93 1 99
7 93 1 99
7 93 1 99
7 93 1 99
7 93 1 99
7 93 1 99
7 93 1 99
7 93 1 99
7 93 1 99
7 93 1 99
7 93 1 99
7 93 1 99
7 93 1 99
7 93 1 99
7 93 1 99
7 93 1 99
7 93 1 99
7 93 1 99
7 93 1 99
7 93 1 99
7 93 1 99
7 93 1 99
7 93 1 99
7 93 1 99
7 93 1 99
7 93 1 99
7 93 1 99
7 93 1 99
7 93 1 99
7 93 1 99
7 93 1 99
7 93 1 99
7 93 1 99
7 93 1 99
7 93 1 99
7 93 1 99
7 93 1 99
7 93 1 99
7 93 1 99
7 93 1 99
7 93 1 99
7 93 1 99
7 93 1 99
7 93 1 99
7 93 1 99
6 94 2 98
6 94 2 98
5 95 2 98
5 95 2 98
5 95 2 98
5 95 2 98
5 95 2 98
5 95 2 98
5 95 2 98
4 96 3 97
4 96 3 97
4 96 3 97
4 96 3 97
4 96 3 97
4 96 3 97
4 96 3 97
4 96 3 97
4 96 3 97
4 96 3 97
4 96 3 97
4 96 4 96
4 96 4 96
3 97 4 96
3 97 4 96
3 97 4 96
3 97 4 96
3 97 4 96
3 97 4 96
3 97 4 96
3 97 4 96
2 98 4 96
2 98 4 96
2 98 4 96
2 98 4 96
2 98 4 96
2 98 4 96
2 98 4 96
2 98 4 96
2 98 5 95
2 98 5 95
2 98 5 95
2 98 5 95
2 98 5 95
2 98 5 95
2 98 5 95
2 98 5 95
2 98 5 95
2 98 5 95
2 98 5 95
2 98 5 95
2 98 5 95
2 98 5 95
2 98 5 95
2 98 5 95
2 98 5 95
2 98 5 95
2 98 6 94
2 98 6 94
1 99 6 94
1 99 6 94
1 99 6 94
1 99 6 94
1 99 6 94
1 99 6 94
1 99 6 94
1 99 6 94
1 99 6 94
1 99 6 94
1 99 6 94
1 99 6 94
1 99 6 94
1 99 6 94
1 99 6 94
1 99 6 94
1 99 6 94
1 99 6 94
1 99 6 94
1 99 6 94
1 99 6 94
1 99 6 94
1 99 6 94
1 99 6 94
1 99 6 94
1 99 6 94
1 99 6 94
1 99 6 94
1 99 6 94
1 99 6 94
1 99 6 94
1 99 6 94
1 99 6 94
1 99 6 94
1 99 6 94
1 99 6 94
1 99 6 94
1 99 6 94
1 99 6 94
1 99 6 94
1 99 6 94
1 99 6 94
1 99 6 94
1 99 6 94
1 99 6 94
1 99 7 93
1 99 7 93
1 99 7 93
1 99 7 93
1 99 7 93
1 99 7 93
1 99 7 93
1 99 7 93
1 99 7 93
1 99 7 93
1 99 7 93
1 99 7 93
1 99 7 93
1 99 7 93
1 99 7 93
1 99 7 93
1 99 7 93
1 99 7 93
1 99 7 93
1 99 7 93
1 99 7 93
1 99 7 93
1 99 7 93
1 99 7 93
1 99 7 93
1 99 7 93
1 99 7 93
1 99 7 93
1 99 7 93
1 99 7 93
1 99 7 93
1 99 7 93
1 99 7 93
1 99 7 93
1 99 7 93
1 99 8 92
1 99 8 92
1 99 8 92
1 99 8 92
1 99 8 92
1 99 8 92
1 99 8 92
1 99 8 92
1 99 8 92
1 99 8 92
1 99 8 92
1 99 8 92
1 99 9 91
1 99 9 91
1 99 9 91
1 99 9 91
1 99 9 91
1 99 9 91
1 99 9 91
1 99 9 91
1 99 9 91
1 99 10 90
1 99 10 90
1 99 10 90
1 99 10 90
1 99 10 90
1 99 10 90
1 99 10 90
1 99 10 90
1 99 10 90
1 99 10 90
1 99 10 90
1 99 10 90
1 99 10 90
1 99 10 90
1 99 10 90
1 99 10 90
1 99 11 89
1 99 11 89
1 99 11 89
1 99 11 89
1 99 11 89
1 99 11 89
1 99 11 89
1 99 11 89
1 99 11 89
1 99 12 88
1 99 12 88
1 99 12 88
1 99 12 88
1 99 12 88
1 99 12 88
1 99 12 88
1 99 12 88
1 99 12 88
1 99 12 88
1 99 12 88
1 99 12 88
1 99 12 88
1 99 12 88
1 99 12 88
1 99 12 88
1 99 12 88
1 99 12 88
1 99 12 88
1 99 12 88
1 99 12 88
1 99 12 88
1 99 12 88
1 99 13 87
1 99 13 87
1 99 13 87
1 99 13 87
1 99 13 87
1 99 13 87
1 99 13 87
1 99 13 87
1 99 13 87
1 99 13 87
1 99 13 87
1 99 14 86
1 99 14 86
1 99 14 86
1 99 14 86
1 99 14 86
1 99 14 86
1 99 14 86
1 99 14 86
1 99 14 86
1 99 14 86
1 99 14 86
1 99 14 86
1 99 14 86
1 99 14 86
1 99 14 86
1 99 14 86
1 99 15 85
1 99 15 85
1 99 15 85
1 99 16 84
1 99 16 84
1 99 16 84
1 99 17 83
1 99 17 83
1 99 17 83
1 99 17 83
1 99 18 82
1 99 18 82
1 99 18 82
1 99 18 82
1 99 18 82
1 99 18 82
1 99 18 82
1 99 18 82
1 99 18 82
1 99 18 82
1 99 18 82
1 99 18 82
1 99 18 82
1 99 18 82
1 99 18 82
1 99 18 82
1 99 18 82
1 99 18 82
1 99 18 82
1 99 18 82
1 99 18 82
1 99 18 82
1 99 19 81
1 99 20 80
1 99 20 80
1 99 20 80
1 99 20 80
1 99 20 80
1 99 21 79
1 99 21 79
1 99 21 79
1 99 22 78
1 99 23 77
1 99 23 77
1 99 23 77
1 99 23 77
1 99 23 77
1 99 23 77
1 99 23 77
1 99 23 77
1 99 23 77
1 99 24 76
1 99 24 76
1 99 24 76
1 99 24 76
1 99 24 76
1 99 25 75
1 99 25 75
1 99 25 75
1 99 25 75
1 99 25 75
1 99 25 75
1 99 25 75
1 99 25 75
1 99 25 75
1 99 25 75
1 99 26 74
1 99 26 74
1 99 26 74
1 99 26 74
1 99 27 73
1 99 27 73
1 99 27 73
1 99 28 72
1 99 28 72
1 99 28 72
1 99 30 70
1 99 30 70
1 99 30 70
1 99 30 70
1 99 30 70
1 99 31 69
1 99 31 69
1 99 31 69
1 99 33 67
1 99 34 66
1 99 34 66
1 99 34 66
1 99 34 66
1 99 34 66
1 99 34 66
1 99 34 66
1 99 34 66
1 99 36 64
1 99 37 63
1 99 38 62
0 100 39 61
0 100 40 60
0 100 41 59
0 100 41 59
0 100 42 58
0 100 42 58
0 100 42 58
0 100 42 58
0 100 42 58
0 100 42 58
0 100 44 56
0 100 44 56
0 100 44 56
0 100 44 56
0 100 44 56
0 100 45 55
0 100 46 54
0 100 47 53
0 100 47 53
0 100 48 52
0 100 48 52
0 100 48 52
0 100 49 51
0 100 49 51
0 100 50 50
0 100 50 50
0 100 50 50
0 100 52 48
0 100 52 48
0 100 52 48
0 100 52 48
0 100 52 48
0 100 52 48
0 100 53 47
0 100 53 47
0 100 53 47
0 100 53 47
0 100 53 47
0 100 53 47
0 100 53 47
0 100 54 46
0 100 55 45
0 100 55 45
0 100 55 45
0 100 55 45
0 100 56 44
0 100 56 44
0 100 57 43
0 100 57 43
0 100 57 43
0 100 57 43
0 100 57 43
0 100 57 43
0 100 57 43
0 100 57 43
0 100 57 43
0 100 57 43
0 100 57 43
0 100 57 43
0 100 58 42
0 100 59 41
0 100 59 41
0 100 59 41
0 100 59 41
0 100 60 40
0 100 60 40
0 100 61 39
0 100 61 39
0 100 62 38
0 100 62 38
0 100 63 37
0 100 63 37
0 100 65 35
0 100 65 35
0 100 65 35
0 100 65 35
0 100 65 35
0 100 65 35
0 100 66 34
0 100 66 34
0 100 66 34
0 100 67 33
0 100 67 33
0 100 67 33
0 100 67 33
0 100 67 33
0 100 67 33
0 100 69 31
0 100 69 31
0 100 69 31
0 100 69 31
0 100 70 30
0 100 70 30
0 100 70 30
0 100 70 30
0 100 70 30
0 100 70 30
0 100 70 30
0 100 70 30
0 100 70 30
0 100 70 30
0 100 71 29
0 100 73 27
0 100 74 26
0 100 74 26
0 100 74 26
0 100 74 26
0 100 74 26
0 100 74 26
0 100 74 26
0 100 74 26
0 100 74 26
0 100 74 26
0 100 74 26
0 100 74 26
0 100 74 26
0 100 74 26
0 100 74 26
0 100 74 26
0 100 75 25
0 100 76 24
0 100 77 23
0 100 77 23
0 100 79 21
0 100 79 21
0 100 79 21
0 100 79 21
0 100 80 20
0 100 80 20
0 100 80 20
0 100 81 19
0 100 81 19
0 100 81 19
0 100 82 18
0 100 82 18
0 100 82 18
0 100 82 18
0 100 82 18
0 100 82 18
0 100 82 18
0 100 82 18
0 100 82 18
0 100 82 18
0 100 82 18
0 100 82 18
0 100 82 18
0 100 82 18
0 100 82 18
0 100 84 16
0 100 84 16
0 100 84 16
0 100 84 16
0 100 84 16
0 100 84 16
0 100 86 14
0 100 86 14
0 100 86 14
0 100 86 14
0 100 87 13
0 100 87 13
0 100 87 13
0 100 87 13
0 100 87 13
0 100 88 12
0 100 89 11
0 100 89 11
0 100 89 11
0 100 89 11
0 100 89 11
0 100 89 11
0 100 89 11
0 100 89 11
0 100 89 11
0 100 89 11
0 100 89 11
0 100 89 11
0 100 89 11
0 100 89 11
0 100 90 10
0 100 90 10
0 100 90 10
0 100 91 9
0 100 92 8
0 100 92 8
0 100 92 8
0 100 93 7
0 100 94 6
0 100 94 6
0 100 94 6
0 100 94 6
0 100 94 6
0 100 95 5
0 100 95 5
0 100 96 4
0 100 96 4
0 100 96 4
0 100 96 4
0 100 97 3
0 100 98 2
0 100 98 2
0 100 99 1
0 100 100 0
0 100 100 0
