0.166081547233
0.107106681818
0.0873677578186
0.179723906146
0.0242888625831
0.000996271858286
0.239260557566
0.335847282182
0.136767400124
0.210329523508
0.488952328841
0.00226889462145
0.187140987127
0.129140960491
0.0973088252597
0.184109744939
0.062014186549
0.0141497884804
0.0533351840809
0.0838286497297
0.10015612156
0.0191123513182
0.080875574319
0.242153669105
0.222421274884
0.146049179779
0.0555578263297
0.0836300933146
0.102925679227
0.337002519506
0.296027695653
0.00309095233949
0.796642569983
0.0421933972002
0.261857941665
0.0229368123797
0.208113491085
0.466533504513
0.145645285943
0.0541607111904
0.475883706608
0.184077978678
0.12203451412
0.0041244945739
0.0933124261404
0.468880080329
0.0597982488727
0.0129123116942
0.058843747176
0.0509686386074
0.00204760525642
0.17863031267
0.0574675780317
0.107142584318
0.414511723745
0.121908289663
0.0354193036362
0.0556155881959
0.204757232129
0.139286546845
0.170204617371
0.266568482712
0.524331471904
0.102816362754
0.229132234333
0.0412509340894
0.137502193925
0.0281064994068
0.129738503028
0.154507769245
0.31086527504
0.310576465709
0.0150920289232
0.177597819311
0.162576446324
0.167897435902
0.00803064077729
0.404583902988
0.132999096445
0.496605776116
0.0419115854343
0.139045383723
0.368302230766
0.289157643689
0.122728104751
0.127779480986
0.127725454261
0.282717195605
0.00634471630688
0.056903673793
0.0561679360417
0.27381825809
0.00104867519747
0.107944228878
0.247815767631
0.0935617630371
0.145993088211
0.0892269798285
0.107318572552
0.0528128230609
0.987435324407
0.650144036773
0.785343016011
0.829839987421
0.944679432861
0.99718454928
0.756566599468
0.860902186286
0.989295109916
0.950611200241
0.751707945264
0.874952159209
0.9193914915
0.862413187165
0.981227833735
0.703393257198
0.898721320745
0.504836842053
0.795054118662
0.796624255922
0.794909713997
0.919112286033
0.944765655681
0.917495163087
0.887911252791
0.855451370033
0.347832869423
0.800733485042
0.837617393836
0.915915449782
0.806673312855
0.673645896093
0.776303294766
0.836115646269
0.954276633287
0.899891905859
0.781263538234
0.883762349833
0.868468197305
0.68464171879
0.864722769582
0.784125451585
0.996209817787
0.732444569314
0.982310868727
0.70097447905
0.993233174399
0.475558796111
0.776171065767
0.641840768503
0.916591003563
0.813319618544
0.877075495259
0.897553928216
0.741768797071
0.994837973464
0.811347458414
0.773321216495
0.625739648293
0.793610072007
0.820839064021
0.926209656157
0.929750062839
0.466533504513
0.770505325517
0.793357363842
0.616281142699
0.784382145971
0.798619660122
0.522093199587
0.923598751583
0.710180276479
0.960253056063
0.974965254262
0.738883325964
0.898171106705
0.806823098905
0.823839806266
0.818097855011
0.9502010738
0.706088568762
0.959928145565
0.868556093432
0.866130445908
0.604909275286
0.883393672818
0.843213074626
0.76616147575
0.841048547533
0.856113908039
0.812640640886
0.815159070016
0.978675155909
0.569385727558
0.486533550693
0.977223723508
0.742217166923
0.823885244755
0.797759380024
0.733015532834
